3.77,43.72
3.78,43.72
3.78,43.73
3.78,43.74
3.78,43.75
3.79,43.72
3.79,43.73
3.79,43.74
3.79,43.75
3.79,43.76
3.79,43.77
3.8,43.71
3.8,43.72
3.8,43.73
3.8,43.74
3.8,43.75
3.8,43.76
3.8,43.77
3.8,43.78
3.81,43.7
3.81,43.71
3.81,43.72
3.81,43.73
3.81,43.74
3.81,43.75
3.81,43.76
3.81,43.77
3.81,43.78
3.81,43.79
3.82,43.68
3.82,43.69
3.82,43.7
3.82,43.71
3.82,43.72
3.82,43.73
3.82,43.74
3.82,43.75
3.82,43.76
3.82,43.77
3.82,43.78
3.82,43.79
3.83,43.66
3.83,43.67
3.83,43.68
3.83,43.69
3.83,43.7
3.83,43.71
3.83,43.72
3.83,43.73
3.83,43.74
3.83,43.75
3.83,43.76
3.83,43.77
3.83,43.78
3.83,43.79
3.84,43.66
3.84,43.67
3.84,43.68
3.84,43.69
3.84,43.7
3.84,43.71
3.84,43.72
3.84,43.73
3.84,43.74
3.84,43.75
3.84,43.76
3.84,43.77
3.84,43.78
3.84,43.79
3.84,43.8
3.85,43.65
3.85,43.66
3.85,43.67
3.85,43.68
3.85,43.69
3.85,43.7
3.85,43.71
3.85,43.72
3.85,43.73
3.85,43.74
3.85,43.75
3.85,43.76
3.85,43.77
3.85,43.78
3.85,43.79
3.85,43.8
3.85,43.81
3.86,43.65
3.86,43.66
3.86,43.67
3.86,43.68
3.86,43.69
3.86,43.7
3.86,43.71
3.86,43.72
3.86,43.73
3.86,43.74
3.86,43.75
3.86,43.76
3.86,43.77
3.86,43.78
3.86,43.79
3.86,43.8
3.86,43.81
3.86,43.82
3.87,43.66
3.87,43.67
3.87,43.68
3.87,43.69
3.87,43.7
3.87,43.71
3.87,43.72
3.87,43.73
3.87,43.74
3.87,43.75
3.87,43.76
3.87,43.77
3.87,43.78
3.87,43.79
3.87,43.8
3.88,43.68
3.88,43.69
3.88,43.7
3.88,43.71
3.88,43.72
3.88,43.73
3.88,43.74
3.88,43.75
3.88,43.76
3.88,43.77
3.88,43.78
3.88,43.79
3.89,43.71
3.89,43.72
3.89,43.73
3.89,43.74
3.89,43.75
3.89,43.76
3.89,43.77
3.89,43.78
3.9,43.73
3.9,43.74
3.9,43.75
3.9,43.76
3.91,43.75
